Give me a range (two numbers seperated by comma)
1,2
[2, 1, 1, 1, 1, 2, 2, 1, 2, 1]
Current Size: 10
Average: 1.4
Standard Devation: 0.5163977794943223
[2, 1, 1, 1, 1, 2, 2, 1, 2, 1, 1, 1, 1, 2, 2, 1, 2, 1, 1, 1]
Current Size: 20
Average: 1.35
Standard Devation: 0.48936048492959294
[2, 1, 1, 1, 1, 2, 2, 1, 2, 1, 1, 1, 1, 2, 2, 1, 2, 1, 1, 1, 1, 2, 1, 1, 2, 1, 1, 1, 1, 2]
Current Size: 30
Average: 1.3333333333333333
Standard Devation: 0.4794633014853841
[2, 1, 1, 1, 1, 2, 2, 1, 2, 1, 1, 1, 1, 2, 2, 1, 2, 1, 1, 1, 1, 2, 1, 1, 2, 1, 1, 1, 1, 2, 2, 1, 1, 2, 2, 2, 1, 2, 2, 2]
Current Size: 40
Average: 1.425
Standard Devation: 0.5006406152531231
[2, 1, 1, 1, 1, 2, 2, 1, 2, 1, 1, 1, 1, 2, 2, 1, 2, 1, 1, 1, 1, 2, 1, 1, 2, 1, 1, 1, 1, 2, 2, 1, 1, 2, 2, 2, 1, 2, 2, 2, 1, 1, 1, 1, 1, 1, 2, 2, 1, 2]
Current Size: 50
Average: 1.4
Standard Devation: 0.49487165930539356
[2, 1, 1, 1, 1, 2, 2, 1, 2, 1, 1, 1, 1, 2, 2, 1, 2, 1, 1, 1, 1, 2, 1, 1, 2, 1, 1, 1, 1, 2, 2, 1, 1, 2, 2, 2, 1, 2, 2, 2, 1, 1, 1, 1, 1, 1, 2, 2, 1, 2, 1, 1, 1, 2, 2, 2, 2, 2, 1, 2]
Current Size: 60
Average: 1.4333333333333333
Standard Devation: 0.4997174342809081
[2, 1, 1, 1, 1, 2, 2, 1, 2, 1, 1, 1, 1, 2, 2, 1, 2, 1, 1, 1, 1, 2, 1, 1, 2, 1, 1, 1, 1, 2, 2, 1, 1, 2, 2, 2, 1, 2, 2, 2, 1, 1, 1, 1, 1, 1, 2, 2, 1, 2, 1, 1, 1, 2, 2, 2, 2, 2, 1, 2, 1, 2, 1, 2, 2, 2, 2, 2, 2, 2]
Current Size: 70
Average: 1.4857142857142858
Standard Devation: 0.503404558052788
[2, 1, 1, 1, 1, 2, 2, 1, 2, 1, 1, 1, 1, 2, 2, 1, 2, 1, 1, 1, 1, 2, 1, 1, 2, 1, 1, 1, 1, 2, 2, 1, 1, 2, 2, 2, 1, 2, 2, 2, 1, 1, 1, 1, 1, 1, 2, 2, 1, 2, 1, 1, 1, 2, 2, 2, 2, 2, 1, 2, 1, 2, 1, 2, 2, 2, 2, 2, 2, 2, 1, 
1, 2, 2, 2, 2, 1, 2, 2, 2]
Current Size: 80
Average: 1.5125
Standard Devation: 0.5029973450366553
[2, 1, 1, 1, 1, 2, 2, 1, 2, 1, 1, 1, 1, 2, 2, 1, 2, 1, 1, 1, 1, 2, 1, 1, 2, 1, 1, 1, 1, 2, 2, 1, 1, 2, 2, 2, 1, 2, 2, 2, 1, 1, 1, 1, 1, 1, 2, 2, 1, 2, 1, 1, 1, 2, 2, 2, 2, 2, 1, 2, 1, 2, 1, 2, 2, 2, 2, 2, 2, 2, 1, 
1, 2, 2, 2, 2, 1, 2, 2, 2, 2, 2, 2, 1, 1, 1, 2, 1, 1, 1]
Current Size: 90
Average: 1.5
Standard Devation: 0.5028011423654932
[2, 1, 1, 1, 1, 2, 2, 1, 2, 1, 1, 1, 1, 2, 2, 1, 2, 1, 1, 1, 1, 2, 1, 1, 2, 1, 1, 1, 1, 2, 2, 1, 1, 2, 2, 2, 1, 2, 2, 2, 1, 1, 1, 1, 1, 1, 2, 2, 1, 2, 1, 1, 1, 2, 2, 2, 2, 2, 1, 2, 1, 2, 1, 2, 2, 2, 2, 2, 2, 2, 1, 
1, 2, 2, 2, 2, 1, 2, 2, 2, 2, 2, 2, 1, 1, 1, 2, 1, 1, 1, 1, 2, 2, 1, 1, 2, 2, 2, 2, 1]
Current Size: 100
Average: 1.51
Standard Devation: 0.5024183937956911
Give me a range (two numbers seperated by comma)
2,2
Make sure end of range is larger than start of range
Give me a range (two numbers seperated by comma)    
4,2
Make sure end of range is larger than start of range
Give me a range (two numbers seperated by comma)    
-2,2
Please only enter positive integers
Give me a range (two numbers seperated by comma)
.5,.8
Please only enter positive integers
Give me a range (two numbers seperated by comma)
1,10
[10, 1, 5, 2, 2, 4, 2, 2, 2, 8]
Current Size: 10
Average: 3.8
Standard Devation: 3.0110906108363245
[10, 1, 5, 2, 2, 4, 2, 2, 2, 8, 6, 9, 2, 9, 7, 10, 3, 10, 6, 9]
Current Size: 20
Average: 5.45
Standard Devation: 3.3162280411715703
[10, 1, 5, 2, 2, 4, 2, 2, 2, 8, 6, 9, 2, 9, 7, 10, 3, 10, 6, 9, 3, 9, 9, 10, 6, 2, 5, 1, 1, 10]
Current Size: 30
Average: 5.5
Standard Devation: 3.391164991562634
[10, 1, 5, 2, 2, 4, 2, 2, 2, 8, 6, 9, 2, 9, 7, 10, 3, 10, 6, 9, 3, 9, 9, 10, 6, 2, 5, 1, 1, 10, 3, 2, 3, 5, 10, 2, 2, 5, 6, 1]
Current Size: 40
Average: 5.1
Standard Devation: 3.2722610390511804
[10, 1, 5, 2, 2, 4, 2, 2, 2, 8, 6, 9, 2, 9, 7, 10, 3, 10, 6, 9, 3, 9, 9, 10, 6, 2, 5, 1, 1, 10, 3, 2, 3, 5, 10, 2, 2, 5, 6, 1, 7, 4, 6, 9, 4, 10, 6, 3, 6, 3]
Current Size: 50
Average: 5.24
Standard Devation: 3.1073316855594335
[10, 1, 5, 2, 2, 4, 2, 2, 2, 8, 6, 9, 2, 9, 7, 10, 3, 10, 6, 9, 3, 9, 9, 10, 6, 2, 5, 1, 1, 10, 3, 2, 3, 5, 10, 2, 2, 5, 6, 1, 7, 4, 6, 9, 4, 10, 6, 3, 6, 3, 2, 10, 6, 5, 4, 1, 2, 4, 7, 8]
Current Size: 60
Average: 5.183333333333334
Standard Devation: 3.05037739630476
[10, 1, 5, 2, 2, 4, 2, 2, 2, 8, 6, 9, 2, 9, 7, 10, 3, 10, 6, 9, 3, 9, 9, 10, 6, 2, 5, 1, 1, 10, 3, 2, 3, 5, 10, 2, 2, 5, 6, 1, 7, 4, 6, 9, 4, 10, 6, 3, 6, 3, 2, 10, 6, 5, 4, 1, 2, 4, 7, 8, 4, 10, 10, 7, 6, 7, 2, 10, 4, 5]
Current Size: 70
Average: 5.371428571428571
Standard Devation: 3.0368339184827358
[10, 1, 5, 2, 2, 4, 2, 2, 2, 8, 6, 9, 2, 9, 7, 10, 3, 10, 6, 9, 3, 9, 9, 10, 6, 2, 5, 1, 1, 10, 3, 2, 3, 5, 10, 2, 2, 5, 6, 1, 7, 4, 6, 9, 4, 10, 6, 3, 6, 3, 2, 10, 6, 5, 4, 1, 2, 4, 7, 8, 4, 10, 10, 7, 6, 7, 2, 10, 4, 5, 6, 10, 6, 6, 4, 2, 2, 5, 5, 5]
Current Size: 80
Average: 5.3375
Standard Devation: 2.94224468687911
[10, 1, 5, 2, 2, 4, 2, 2, 2, 8, 6, 9, 2, 9, 7, 10, 3, 10, 6, 9, 3, 9, 9, 10, 6, 2, 5, 1, 1, 10, 3, 2, 3, 5, 10, 2, 2, 5, 6, 1, 7, 4, 6, 9, 4, 10, 6, 3, 6, 3, 2, 10, 6, 5, 4, 1, 2, 4, 7, 8, 4, 10, 10, 7, 6, 7, 2, 10, 4, 5, 6, 10, 6, 6, 4, 2, 2, 5, 5, 5, 5, 6, 8, 9, 4, 2, 10, 4, 8, 2]
Current Size: 90
Average: 5.388888888888889
Standard Devation: 2.921037388620326
[10, 1, 5, 2, 2, 4, 2, 2, 2, 8, 6, 9, 2, 9, 7, 10, 3, 10, 6, 9, 3, 9, 9, 10, 6, 2, 5, 1, 1, 10, 3, 2, 3, 5, 10, 2, 2, 5, 6, 1, 7, 4, 6, 9, 4, 10, 6, 3, 6, 3, 2, 10, 6, 5, 4, 1, 2, 4, 7, 8, 4, 10, 10, 7, 6, 7, 2, 10, 4, 5, 6, 10, 6, 6, 4, 2, 2, 5, 5, 5, 5, 6, 8, 9, 4, 2, 10, 4, 8, 2, 10, 4, 1, 1, 5, 4, 10, 2, 8, 2]
Current Size: 100
Average: 5.32
Standard Devation: 2.9708346614812777
Give me a range (two numbers seperated by comma)
1,100
[90, 93, 58, 100, 98, 54, 28, 11, 10, 88]
Current Size: 10
Average: 63.0
Standard Devation: 36.04318397576872
[90, 93, 58, 100, 98, 54, 28, 11, 10, 88, 29, 2, 77, 92, 12, 52, 60, 40, 68, 11]
Current Size: 20
Average: 53.65
Standard Devation: 33.90897257441799
[90, 93, 58, 100, 98, 54, 28, 11, 10, 88, 29, 2, 77, 92, 12, 52, 60, 40, 68, 11, 29, 69, 16, 1, 45, 70, 75, 10, 82, 57]
Current Size: 30
Average: 50.9
Standard Devation: 32.254751053406714
[90, 93, 58, 100, 98, 54, 28, 11, 10, 88, 29, 2, 77, 92, 12, 52, 60, 40, 68, 11, 29, 69, 16, 1, 45, 70, 75, 10, 82, 57, 40, 91, 71, 93, 37, 47, 16, 54, 58, 91]
Current Size: 40
Average: 53.125
Standard Devation: 30.788931994035348
[90, 93, 58, 100, 98, 54, 28, 11, 10, 88, 29, 2, 77, 92, 12, 52, 60, 40, 68, 11, 29, 69, 16, 1, 45, 70, 75, 10, 82, 57, 40, 91, 71, 93, 37, 47, 16, 54, 58, 91, 10, 85, 78, 50, 20, 22, 91, 30, 60, 53]
Current Size: 50
Average: 52.48
Standard Devation: 30.148097039482295
[90, 93, 58, 100, 98, 54, 28, 11, 10, 88, 29, 2, 77, 92, 12, 52, 60, 40, 68, 11, 29, 69, 16, 1, 45, 70, 75, 10, 82, 57, 40, 91, 71, 93, 37, 47, 16, 54, 58, 91, 10, 85, 78, 50, 20, 22, 91, 30, 60, 53, 4, 24, 51, 42, 85, 18, 86, 54, 47, 62]
Current Size: 60
Average: 51.61666666666667
Standard Devation: 29.475121176368077
[90, 93, 58, 100, 98, 54, 28, 11, 10, 88, 29, 2, 77, 92, 12, 52, 60, 40, 68, 11, 29, 69, 16, 1, 45, 70, 75, 10, 82, 57, 40, 91, 71, 93, 37, 47, 16, 54, 58, 91, 10, 85, 78, 50, 20, 22, 91, 30, 60, 53, 4, 24, 51, 42, 85, 18, 86, 54, 47, 62, 5, 34, 62, 47, 14, 31, 93, 52, 45, 59]
Current Size: 70
Average: 50.55714285714286
Standard Devation: 28.853269834183845
[90, 93, 58, 100, 98, 54, 28, 11, 10, 88, 29, 2, 77, 92, 12, 52, 60, 40, 68, 11, 29, 69, 16, 1, 45, 70, 75, 10, 82, 57, 40, 91, 71, 93, 37, 47, 16, 54, 58, 91, 10, 85, 78, 50, 20, 22, 91, 30, 60, 53, 4, 24, 51, 42, 85, 18, 86, 54, 47, 62, 5, 34, 62, 47, 14, 31, 93, 52, 45, 59, 72, 87, 89, 93, 42, 92, 9, 90, 87, 99]
Current Size: 80
Average: 53.7375
Standard Devation: 29.86244572296384
[90, 93, 58, 100, 98, 54, 28, 11, 10, 88, 29, 2, 77, 92, 12, 52, 60, 40, 68, 11, 29, 69, 16, 1, 45, 70, 75, 10, 82, 57, 40, 91, 71, 93, 37, 47, 16, 54, 58, 91, 10, 85, 78, 50, 20, 22, 91, 30, 60, 53, 4, 24, 51, 42, 85, 18, 86, 54, 47, 62, 5, 34, 62, 47, 14, 31, 93, 52, 45, 59, 72, 87, 89, 93, 42, 92, 9, 90, 87, 99, 2, 20, 92, 75, 28, 3, 42, 16, 57, 39]
Current Size: 90
Average: 51.922222222222224
Standard Devation: 30.151388727507285
[90, 93, 58, 100, 98, 54, 28, 11, 10, 88, 29, 2, 77, 92, 12, 52, 60, 40, 68, 11, 29, 69, 16, 1, 45, 70, 75, 10, 82, 57, 40, 91, 71, 93, 37, 47, 16, 54, 58, 91, 10, 85, 78, 50, 20, 22, 91, 30, 60, 53, 4, 24, 51, 42, 85, 18, 86, 54, 47, 62, 5, 34, 62, 47, 14, 31, 93, 52, 45, 59, 72, 87, 89, 93, 42, 92, 9, 90, 87, 99, 2, 20, 92, 75, 28, 3, 42, 16, 57, 39, 92, 92, 55, 11, 75, 97, 8, 65, 46, 19]
Current Size: 100
Average: 52.33
Standard Devation: 30.41366485810302
Give me a range (two numbers seperated by comma)
0,0